23
57.6
5
1 MB1K 1 16 2
2 MC2K 1 28 2
3 MC2K 1 28 2
4 MB1K 1 56 2
5 MX2K 1 37 2
6 MC2K 1 32 2
7 MB1K 1 45 2
8 MX2K 1 63 2
9 MV1K 1 63 2
10 MB1K 1 126 2
11 MB1K 1 115 2
12 MB1K 1 56 2
13 MX2K 1 60 2
14 MC2K 1 68 2
15 MX2K 1 105 2
16 MC2K 1 105 2
17 MX2K 1 102 2
18 MX2K 1 55 2
19 MB1K 1 115 2
20 MB1K 1 60 2
21 MDB 2 21 2
22 MTK 2 28 2
23 MDC 2 32 2
22
3 4
4 5
2 5
5 6
6 7
7 8
8 9
9 10
10 11
11 12
12 15
13 14
14 15
15 16
16 17
1 17
17 18
18 19
19 20
20 21
21 22
22 23
1
2
3
4
5
6
7
8
9
10
11
12
13
14
15
16
17
18
19
20
21
22
23
17
KANSAI
MCS
1KMX
M1K
MB1K
MB2K
MX1K
MX2K
MX3K
MO
MC1K
MC2K
C3K5C
C4K6C
MCO
MV1K
MV2K
4
MTK
MDC
MDB
OZ
3
Keo
BL
TC
